version https://git-lfs.github.com/spec/v1
oid sha256:a59062760b7bdec1b24b79f696d1a349ccd4bf4af8dd2370464d890010590704
size 7767
