version https://git-lfs.github.com/spec/v1
oid sha256:bb95fec141ecf414dd02c3ed6923474fd46deeb1e078757cb5d9e40ff75047ca
size 519
